##FastQC	0.11.7
>>Basic Statistics	pass
#Measure	Value
Filename	220_L8_2.fq.gz
File type	Conventional base calls
Encoding	Sanger / Illumina 1.9
Total Sequences	250000
Sequences flagged as poor quality	0
Sequence length	100
%GC	49
>>END_MODULE
>>Per base sequence quality	pass
#Base	Mean	Median	Lower Quartile	Upper Quartile	10th Percentile	90th Percentile
1	29.975428	32.0	32.0	32.0	27.0	32.0
2	30.890396	32.0	32.0	32.0	27.0	32.0
3	34.91756	37.0	37.0	37.0	32.0	37.0
4	35.564684	37.0	37.0	37.0	32.0	37.0
5	36.004952	37.0	37.0	37.0	32.0	37.0
6	39.62798	42.0	37.0	42.0	32.0	42.0
7	39.213028	42.0	37.0	42.0	32.0	42.0
8	39.47712	42.0	37.0	42.0	32.0	42.0
9	39.812472	42.0	42.0	42.0	37.0	42.0
10-11	39.943164	42.0	42.0	42.0	37.0	42.0
12-13	39.835644	42.0	42.0	42.0	37.0	42.0
14-15	40.12285	42.0	42.0	42.0	37.0	42.0
16-17	40.098254	42.0	42.0	42.0	37.0	42.0
18-19	40.089364	42.0	42.0	42.0	37.0	42.0
20-21	40.005898	42.0	42.0	42.0	37.0	42.0
22-23	40.103812000000005	42.0	42.0	42.0	37.0	42.0
24-25	40.05475	42.0	42.0	42.0	37.0	42.0
26-27	40.118346	42.0	42.0	42.0	37.0	42.0
28-29	40.039456	42.0	42.0	42.0	37.0	42.0
30-31	39.985642	42.0	42.0	42.0	37.0	42.0
32-33	39.956571999999994	42.0	42.0	42.0	37.0	42.0
34-35	39.863286	42.0	42.0	42.0	37.0	42.0
36-37	39.881372	42.0	42.0	42.0	37.0	42.0
38-39	39.846934	42.0	42.0	42.0	37.0	42.0
40-41	39.83074	42.0	42.0	42.0	37.0	42.0
42-43	39.895364	42.0	42.0	42.0	37.0	42.0
44-45	39.815495999999996	42.0	42.0	42.0	37.0	42.0
46-47	39.690368	42.0	42.0	42.0	32.0	42.0
48-49	39.501308	42.0	37.0	42.0	32.0	42.0
50-51	39.608894	42.0	42.0	42.0	32.0	42.0
52-53	39.510406	42.0	39.5	42.0	32.0	42.0
54-55	39.503366	42.0	39.5	42.0	32.0	42.0
56-57	39.397416	42.0	37.0	42.0	32.0	42.0
58-59	39.51165	42.0	37.0	42.0	32.0	42.0
60-61	39.388434000000004	42.0	37.0	42.0	32.0	42.0
62-63	39.278378000000004	42.0	37.0	42.0	32.0	42.0
64-65	39.302127999999996	42.0	37.0	42.0	32.0	42.0
66-67	39.282752	42.0	37.0	42.0	32.0	42.0
68-69	39.31042	42.0	37.0	42.0	32.0	42.0
70-71	39.145641999999995	42.0	37.0	42.0	32.0	42.0
72-73	39.151056	42.0	37.0	42.0	32.0	42.0
74-75	39.103628	42.0	37.0	42.0	32.0	42.0
76-77	38.36159	42.0	37.0	42.0	32.0	42.0
78-79	38.586728	42.0	37.0	42.0	32.0	42.0
80-81	39.054766	42.0	37.0	42.0	32.0	42.0
82-83	38.998106	42.0	37.0	42.0	32.0	42.0
84-85	38.990961999999996	42.0	37.0	42.0	32.0	42.0
86-87	39.16789	42.0	37.0	42.0	32.0	42.0
88-89	38.914256	42.0	37.0	42.0	32.0	42.0
90-91	38.578396	42.0	37.0	42.0	32.0	42.0
92-93	38.520802	42.0	37.0	42.0	32.0	42.0
94-95	38.488404	42.0	37.0	42.0	32.0	42.0
96-97	38.504002	42.0	37.0	42.0	32.0	42.0
98-99	38.43579	42.0	37.0	42.0	32.0	42.0
100	38.32616	42.0	37.0	42.0	32.0	42.0
>>END_MODULE
>>Per tile sequence quality	pass
#Tile	Base	Mean
1101	1	0.10802416097162748
1101	2	-0.0545244068142523
1101	3	-0.04653567337886244
1101	4	-0.13494694181082423
1101	5	0.0024794013721844976
1101	6	0.033668845323752805
1101	7	0.0378375293669464
1101	8	-0.03885373030496453
1101	9	0.08348511024629346
1101	10-11	-0.062157520621710205
1101	12-13	-0.1558265360312845
1101	14-15	-0.1486004795090139
1101	16-17	-0.19588781553623136
1101	18-19	-0.19150312281870896
1101	20-21	-0.3162767978994765
1101	22-23	-0.2767822481423252
1101	24-25	-0.10960026522943878
1101	26-27	0.008710476099658138
1101	28-29	-0.00843857869448783
1101	30-31	-0.12721339657027642
1101	32-33	0.02528499677787721
1101	34-35	-0.07875404691125709
1101	36-37	-0.08651244011850423
1101	38-39	0.03852314133263235
1101	40-41	0.012862814021140423
1101	42-43	-0.00837688512364565
1101	44-45	0.0682766167990323
1101	46-47	0.14379370214061282
1101	48-49	-0.06487077189544976
1101	50-51	0.11511615361794725
1101	52-53	-0.042228799509878456
1101	54-55	-0.11316367665789073
1101	56-57	-0.04883866753436905
1101	58-59	-0.0875343692323085
1101	60-61	0.004082024949191521
1101	62-63	-0.020158356868911653
1101	64-65	-0.10417942271921277
1101	66-67	-0.07773254143203445
1101	68-69	-0.08296364873918094
1101	70-71	-0.11573431887111951
1101	72-73	-0.06914020744081739
1101	74-75	-0.010420067393532406
1101	76-77	-0.23477930226668775
1101	78-79	-0.08936459827927479
1101	80-81	-0.09111458551264207
1101	82-83	-0.18528900604732002
1101	84-85	-0.25534741756610657
1101	86-87	-0.11441232396159506
1101	88-89	-0.21164182193832204
1101	90-91	-0.43342665640282263
1101	92-93	-0.2765176395474427
1101	94-95	-0.06397576673565197
1101	96-97	-0.06516549132280147
1101	98-99	-0.18843049417965574
1101	100	-0.037415232773511775
1102	1	-0.16506106344724003
1102	2	0.23934841704318544
1102	3	0.1239748736183941
1102	4	0.037194475156667295
1102	5	-0.029333810850374675
1102	6	0.33756143335348554
1102	7	0.3692502952176824
1102	8	0.5209696459978446
1102	9	0.2713880182274693
1102	10-11	0.11935850989462438
1102	12-13	0.2000461754710514
1102	14-15	0.18034957065741253
1102	16-17	0.29696408273642305
1102	18-19	0.25792027054634303
1102	20-21	0.369745606494817
1102	22-23	0.3187234002216073
1102	24-25	0.35467643588706466
1102	26-27	0.21956664657061964
1102	28-29	0.27404375487920873
1102	30-31	0.38798567356217006
1102	32-33	0.16233382158529963
1102	34-35	0.061371543721321586
1102	36-37	0.2680248559981635
1102	38-39	0.30506878245863334
1102	40-41	0.3020914937798338
1102	42-43	0.3271729824718861
1102	44-45	0.2796128471894477
1102	46-47	0.2997677237722911
1102	48-49	0.4086262696250458
1102	50-51	0.037924540717419575
1102	52-53	0.28197538462366367
1102	54-55	0.43340219699154403
1102	56-57	0.3825580932458834
1102	58-59	0.18770858945863012
1102	60-61	0.3608142406975361
1102	62-63	0.20772800147600634
1102	64-65	0.3350956864951158
1102	66-67	0.3304117837378939
1102	68-69	0.277388577133415
1102	70-71	0.1749234465014311
1102	72-73	-6.836506354730432E-4
1102	74-75	0.24693009527550913
1102	76-77	0.3436214494553269
1102	78-79	0.1442143469152768
1102	80-81	0.4777103214747882
1102	82-83	0.4920679495571676
1102	84-85	0.2954956636582722
1102	86-87	0.33299632974153326
1102	88-89	0.4826579205791859
1102	90-91	0.4883914937896421
1102	92-93	0.4849810263279011
1102	94-95	0.4372572506184156
1102	96-97	0.5348573484782406
1102	98-99	0.5072592124948585
1102	100	0.2907191365541806
1105	1	-0.12339851456327722
1105	2	-0.233871128584628
1105	3	-0.2395472616562202
1105	4	-0.10002009832874847
1105	5	-0.06103346469993909
1105	6	-0.4386193221195285
1105	7	-0.34279283946525396
1105	8	-0.3780245668596436
1105	9	-0.326417449589016
1105	10-11	-0.0743604382803511
1105	12-13	-0.048798224964812675
1105	14-15	-0.04011565964107433
1105	16-17	-0.1194331098128032
1105	18-19	-0.16285578282525393
1105	20-21	-0.17311040416307577
1105	22-23	-0.23278268147605985
1105	24-25	-0.3124109398254191
1105	26-27	-0.25434532828374046
1105	28-29	-0.3778162743067881
1105	30-31	-0.3045216838994378
1105	32-33	-0.30482103228582247
1105	34-35	-0.24740937654856054
1105	36-37	-0.2713491148235505
1105	38-39	-0.4342174956348046
1105	40-41	-0.469658580981978
1105	42-43	-0.420866846005886
1105	44-45	-0.4109086694551678
1105	46-47	-0.6368743602664111
1105	48-49	-0.5741801158687281
1105	50-51	-0.4019812337187858
1105	52-53	-0.45992033771671004
1105	54-55	-0.34774669005200565
1105	56-57	-0.3981221687349432
1105	58-59	-0.3270101841651396
1105	60-61	-0.49453623501866417
1105	62-63	-0.38821082731107737
1105	64-65	-0.26308118393014013
1105	66-67	-0.3964439779278379
1105	68-69	-0.3013194166700117
1105	70-71	-0.1409810239346001
1105	72-73	-0.05967152959448896
1105	74-75	-0.29697755430267847
1105	76-77	-0.42878431535488915
1105	78-79	-0.33462516993725444
1105	80-81	-0.4796072564732299
1105	82-83	-0.33462067291296194
1105	84-85	-0.18468058171964685
1105	86-87	-0.3539191322865207
1105	88-89	-0.5058308446122268
1105	90-91	-0.39810064948095913
1105	92-93	-0.5137382362959357
1105	94-95	-0.5820868090575573
1105	96-97	-0.6739245023035778
1105	98-99	-0.4866674323614717
1105	100	-0.4927170450868772
1106	1	0.18043541703889687
1106	2	0.04904711835569131
1106	3	0.16210806141670275
1106	4	0.1977725649829125
1106	5	0.08788787417812927
1106	6	0.06738904344230434
1106	7	-0.06429498511937481
1106	8	-0.10409134883324356
1106	9	-0.028455678884739655
1106	10-11	0.017159449007422722
1106	12-13	0.004578585525059964
1106	14-15	0.008366568492661486
1106	16-17	0.018356842612604396
1106	18-19	0.09643863509761985
1106	20-21	0.11964159556772813
1106	22-23	0.1908415293967849
1106	24-25	0.06733476916780035
1106	26-27	0.026068205613455575
1106	28-29	0.1122110981220743
1106	30-31	0.04374940690755125
1106	32-33	0.11720221392265273
1106	34-35	0.26479187973848184
1106	36-37	0.08983669894390545
1106	38-39	0.0906255718435176
1106	40-41	0.15470427318100377
1106	42-43	0.10207074865764554
1106	44-45	0.06301920546668782
1106	46-47	0.19331293435352137
1106	48-49	0.23042461813912496
1106	50-51	0.24894053938342608
1106	52-53	0.22017375260294614
1106	54-55	0.027508169718338138
1106	56-57	0.06440274302344307
1106	58-59	0.2268359639388251
1106	60-61	0.12963996937193656
1106	62-63	0.20064118270398268
1106	64-65	0.03216492015423
1106	66-67	0.14376473562198555
1106	68-69	0.10689448827578474
1106	70-71	0.08179189630430983
1106	72-73	0.1294953876707723
1106	74-75	0.060467526420701745
1106	76-77	0.3199421681662642
1106	78-79	0.2797754213012382
1106	80-81	0.09301152051109085
1106	82-83	0.027841729403121462
1106	84-85	0.14453233562748835
1106	86-87	0.13533512650658963
1106	88-89	0.23481474597136298
1106	90-91	0.3431358120941397
1106	92-93	0.30527484951547024
1106	94-95	0.20880532517477945
1106	96-97	0.20423264514813155
1106	98-99	0.16783871404625472
1106	100	0.2394131413062155
>>END_MODULE
>>Per sequence quality scores	pass
#Quality	Count
26	2.0
27	17.0
28	371.0
29	1492.0
30	2862.0
31	4029.0
32	4915.0
33	6076.0
34	7330.0
35	9142.0
36	11187.0
37	14503.0
38	19748.0
39	29795.0
40	57537.0
41	80994.0
>>END_MODULE
>>Per base sequence content	fail
#Base	G	A	T	C
1	26.5452	12.298	15.9276	45.229200000000006
2	25.344	20.2712	33.5976	20.7872
3	24.9708	24.1932	24.2216	26.6144
4	25.5332	29.0808	18.682399999999998	26.703599999999998
5	25.650000000000002	32.459199999999996	20.988	20.9028
6	20.6564	34.8788	21.4176	23.0472
7	19.0764	16.1408	41.1908	23.592
8	22.4308	21.308	27.116400000000002	29.1448
9	22.2408	19.4652	29.974400000000003	28.3196
10-11	24.0132	29.915599999999998	20.976	25.095200000000002
12-13	23.5964	23.01	27.8652	25.5284
14-15	23.519399999999997	25.212200000000003	26.5496	24.718799999999998
16-17	24.8262	24.9828	25.261400000000002	24.9296
18-19	24.351	25.4926	25.0922	25.064199999999996
20-21	24.663	25.499	25.1328	24.705199999999998
22-23	24.5748	25.816200000000002	25.0684	24.5406
24-25	24.2896	25.979999999999997	25.102999999999998	24.627399999999998
26-27	24.3648	25.8228	25.092799999999997	24.7196
28-29	24.3418	25.702199999999998	25.1554	24.8006
30-31	24.3706	25.732	25.2318	24.665599999999998
32-33	24.174599999999998	26.0714	25.1492	24.604799999999997
34-35	24.5748	25.8218	25.031399999999998	24.572
36-37	24.3828	25.674599999999998	25.262800000000002	24.6798
38-39	24.4742	25.764799999999997	25.2668	24.4942
40-41	24.5286	25.694	25.208399999999997	24.569
42-43	24.3928	25.691000000000003	25.275	24.641199999999998
44-45	24.474	25.747999999999998	25.2512	24.5268
46-47	24.587400000000002	25.655	25.0166	24.741
48-49	24.526	25.6436	25.273	24.557399999999998
50-51	24.4098	25.7666	25.2966	24.526999999999997
52-53	24.5912	25.622600000000002	25.2778	24.508399999999998
54-55	24.4372	25.5918	25.218	24.753
56-57	24.3784	25.7592	25.267200000000003	24.595200000000002
58-59	24.458199999999998	25.758799999999997	25.2658	24.5172
60-61	24.5352	25.626199999999997	25.3	24.5386
62-63	24.509	25.7828	25.253999999999998	24.4542
64-65	24.3624	25.812400000000004	25.2382	24.587
66-67	24.3584	25.665599999999998	25.374000000000002	24.602
68-69	24.4404	25.7228	25.375799999999998	24.461
70-71	24.612000000000002	25.635	25.269000000000002	24.484
72-73	24.4844	25.6096	25.407000000000004	24.499000000000002
74-75	24.47	25.634600000000002	25.5278	24.3676
76-77	24.5824	25.640400000000003	25.239	24.5382
78-79	24.4268	25.589000000000002	25.474999999999998	24.5092
80-81	24.4906	25.7512	25.4044	24.3538
82-83	24.524	25.6814	25.285600000000002	24.509
84-85	24.3872	25.5716	25.4224	24.6188
86-87	24.5292	25.6724	25.453599999999998	24.3448
88-89	24.576	25.6984	25.2006	24.525
90-91	24.5476	25.5534	25.342799999999997	24.5562
92-93	24.6344	25.735000000000003	25.361	24.2696
94-95	24.750346504851066	25.693359707035903	25.219553073743032	24.336740714370002
96-97	24.6624	25.7452	25.2808	24.3116
98-99	24.7368	25.879400000000004	25.080999999999996	24.302799999999998
100	24.728	25.604	25.1128	24.5552
>>END_MODULE
>>Per sequence GC content	warn
#GC Content	Count
0	10.0
1	5.5
2	0.5
3	0.0
4	0.5
5	2.5
6	2.5
7	1.0
8	2.0
9	4.5
10	7.0
11	6.0
12	4.0
13	5.5
14	7.0
15	13.0
16	19.0
17	24.5
18	39.5
19	54.5
20	81.5
21	117.0
22	153.0
23	192.5
24	245.0
25	330.0
26	397.0
27	483.5
28	600.0
29	714.5
30	890.5
31	1107.5
32	1300.5
33	1478.0
34	1709.0
35	1959.5
36	2271.5
37	2609.0
38	3019.0
39	3654.5
40	4323.0
41	5081.5
42	6000.0
43	6916.0
44	7912.0
45	9084.0
46	10438.0
47	11756.0
48	12910.5
49	14048.0
50	14642.0
51	14752.0
52	14698.5
53	14220.5
54	13389.5
55	12267.0
56	10869.5
57	9380.0
58	7961.5
59	6618.0
60	5344.0
61	4176.0
62	3100.0
63	2176.0
64	1513.5
65	1016.5
66	654.0
67	415.0
68	272.0
69	180.0
70	101.5
71	61.0
72	51.0
73	41.5
74	33.0
75	27.0
76	18.5
77	13.5
78	10.0
79	4.0
80	2.0
81	2.0
82	1.0
83	0.5
84	0.0
85	0.0
86	0.0
87	0.0
88	0.0
89	0.0
90	0.0
91	0.0
92	0.0
93	0.0
94	0.0
95	0.0
96	0.0
97	0.0
98	0.0
99	0.0
100	1.0
>>END_MODULE
>>Per base N content	pass
#Base	N-Count
1	0.0
2	0.0
3	0.0
4	0.0
5	0.0
6	0.0
7	0.0
8	0.0
9	0.0
10-11	0.0
12-13	0.0
14-15	0.0
16-17	0.0
18-19	0.0
20-21	0.0
22-23	0.0
24-25	0.0
26-27	0.0
28-29	0.0
30-31	0.0
32-33	0.0
34-35	0.0
36-37	0.0
38-39	0.0
40-41	0.0
42-43	0.0
44-45	0.0
46-47	0.0
48-49	0.0
50-51	0.0
52-53	0.0
54-55	0.0
56-57	0.0
58-59	0.0
60-61	0.0
62-63	0.0
64-65	0.0
66-67	0.0
68-69	0.0
70-71	0.0
72-73	0.0
74-75	0.0
76-77	0.0
78-79	0.0
80-81	0.0
82-83	0.0
84-85	0.0
86-87	0.0
88-89	0.0
90-91	0.0
92-93	0.0
94-95	0.0014
96-97	0.0
98-99	0.0
100	0.0
>>END_MODULE
>>Sequence Length Distribution	pass
#Length	Count
100	250000.0
>>END_MODULE
>>Sequence Duplication Levels	pass
#Total Deduplicated Percentage	92.78457939469583
#Duplication Level	Percentage of deduplicated	Percentage of total
1	93.77101335214061	87.00504033292772
2	5.224713994941042	9.69545780956371
3	0.6950952373617607	1.934823577136017
4	0.1851286149903192	0.6870832270319739
5	0.06388864076386563	0.29639403306870454
6	0.03038072714489946	0.16913177939067084
7	0.019488319051560572	0.12657508404160794
8	0.004043233459321928	0.030011977273419685
9	0.0026820335892485375	0.02239662226507847
>10	0.0035658465573640916	0.033085557301105135
>50	0.0	0.0
>100	0.0	0.0
>500	0.0	0.0
>1k	0.0	0.0
>5k	0.0	0.0
>10k+	0.0	0.0
>>END_MODULE
>>Overrepresented sequences	pass
>>END_MODULE
>>Adapter Content	pass
#Position	Illumina Universal Adapter	Illumina Small RNA 3' Adapter	Illumina Small RNA 5' Adapter	Nextera Transposase Sequence	SOLID Small RNA Adapter
1	0.0	0.0	0.0	0.0	0.0
2	0.0	0.0	0.0	0.0	0.0
3	0.0	0.0	0.0	0.0	0.0
4	0.0	0.0	0.0	0.0	0.0
5	0.0	0.0	0.0	0.0	0.0
6	0.0	0.0	0.0	0.0	0.0
7	0.0	0.0	0.0	0.0	0.0
8	0.0	0.0	0.0	0.0	0.0
9	0.0	0.0	0.0	0.0	0.0
10-11	0.0	0.0	0.0	0.0	0.0
12-13	0.0	0.0	0.0	0.0	0.0
14-15	0.0	0.0	0.0	0.0	0.0
16-17	0.0	0.0	0.0	0.0	0.0
18-19	0.0	0.0	0.0	0.0	2.0E-4
20-21	0.0	0.0	0.0	0.0	4.0E-4
22-23	0.0	0.0	0.0	0.0	4.0E-4
24-25	0.0	0.0	0.0	0.0	4.0E-4
26-27	0.0	0.0	0.0	0.0	4.0E-4
28-29	0.0	0.0	0.0	0.0	4.0E-4
30-31	0.0	0.0	0.0	0.0	4.0E-4
32-33	0.0	0.0	0.0	0.0	4.0E-4
34-35	0.0	0.0	0.0	0.0	4.0E-4
36-37	0.0	0.0	0.0	0.0	4.0E-4
38-39	0.0	0.0	0.0	0.0	4.0E-4
40-41	0.0	0.0	0.0	0.0	4.0E-4
42-43	0.0	0.0	0.0	0.0	6.000000000000001E-4
44-45	0.0	0.0	0.0	0.0	8.0E-4
46-47	0.0	0.0	0.0	0.0	0.0014
48-49	0.0	0.0	0.0	0.0	0.0016
50-51	0.0	0.0	0.0	0.0	0.0016
52-53	0.0	0.0	0.0	0.0	0.0016
54-55	0.0	0.0	0.0	0.0	0.0016
56-57	0.0	0.0	0.0	0.0	0.0016
58-59	0.0	0.0	2.0E-4	0.0	0.0016
60-61	2.0E-4	0.0	4.0E-4	0.0	0.0016
62-63	4.0E-4	0.0	4.0E-4	0.0	0.0024
64-65	4.0E-4	0.0	4.0E-4	0.0	0.0024
66-67	4.0E-4	0.0	4.0E-4	0.0	0.0024
68-69	6.000000000000001E-4	0.0	4.0E-4	0.0	0.0024
70-71	8.0E-4	0.0	4.0E-4	0.0	0.0024
72-73	8.0E-4	0.0	4.0E-4	0.0	0.0024
74-75	8.0E-4	0.0	4.0E-4	0.0	0.0024
76-77	0.0012	0.0	4.0E-4	0.0	0.0024
78-79	0.0014	0.0	4.0E-4	0.0	0.0024
80-81	0.0016	0.0	4.0E-4	0.0	0.0024
82-83	0.0016	0.0	4.0E-4	0.0	0.0024
84-85	0.0178	0.0	4.0E-4	0.0	0.0024
86-87	0.0874	0.0	4.0E-4	0.0	0.0024
88-89	0.1628	0.0	6.000000000000001E-4	0.0	0.0026
>>END_MODULE
